# Rotation: 0.0
# Particles: 20000000
# Jaws: X1[mm],X2[mm],Y1[mm],Y2[mm]
-50,53,-43,43
# MLC: Y1[mm],Y2[mm]
-77,-77
-77,-77
-77,-77
-77,-77
-77,-77
-77,-77
-77,-77
-77,-77
-77,-77
-77,-77
-77,-77
-77,-77
-77,-77
-77,-77
-77,-77
-77,-77
-77,-77
-77,-77
-77,-77
-77,-77
-77,-77
-77,-77
-15.5,-3.2
-11.7,2
-8.5,4.5
-4.2,9.5
-2.6,12
-1.3,17
0.5,19.5
1.2,19.5
2.5,19.5
3.8,22
2.4,22
-1.1,22
-4.9,18.8
-7.8,15.1
-13.5,7.2
-21.6,-2.3
-77,-77
-77,-77
-77,-77
-77,-77
-77,-77
-77,-77
-77,-77
-77,-77
-77,-77
-77,-77
-77,-77
-77,-77
-77,-77
-77,-77
-77,-77
-77,-77
-77,-77
-77,-77
-77,-77
-77,-77
-77,-77
-77,-77
