# Rotation: 0.0
# Particles: 20000000
# Jaws: X1[mm],X2[mm],Y1[mm],Y2[mm]
-48,58,-43,43
# MLC: Y1[mm],Y2[mm]
-76.9,-76.9
-76.9,-76.9
-76.9,-76.9
-76.9,-76.9
-76.9,-76.9
-76.9,-76.9
-76.9,-76.9
-76.9,-76.9
-76.9,-76.9
-76.9,-76.9
-76.9,-76.9
-76.9,-76.9
-76.9,-76.9
-76.9,-76.9
-76.9,-76.9
-76.9,-76.9
-76.9,-76.9
-76.9,-76.9
-76.9,-76.9
-76.9,-76.9
-76.9,-76.9
-76.9,-76.9
-21.4,-4.9
-16.5,-2.4
-12.8,0.1
-13.4,2.3
-14.9,4.7
-12.5,7
-9.6,10.1
-8.9,11.9
-5.6,15.3
-7.3,20.5
-4.7,23.4
-4.1,23.5
-4.3,23.9
-5.4,22.6
-4.8,17.6
-16.9,0.1
-76.9,-76.9
-76.9,-76.9
-76.9,-76.9
-76.9,-76.9
-76.9,-76.9
-76.9,-76.9
-76.9,-76.9
-76.9,-76.9
-76.9,-76.9
-76.9,-76.9
-76.9,-76.9
-76.9,-76.9
-76.9,-76.9
-76.9,-76.9
-76.9,-76.9
-76.9,-76.9
-76.9,-76.9
-76.9,-76.9
-76.9,-76.9
-76.9,-76.9
-76.9,-76.9
-76.9,-76.9
