# Rotation: 0.0
# Particles: 20000000
# Jaws: X1[mm],X2[mm],Y1[mm],Y2[mm]
-50,53,-43,43
# MLC: Y1[mm],Y2[mm]
-77,-77
-77,-77
-77,-77
-77,-77
-77,-77
-77,-77
-77,-77
-77,-77
-77,-77
-77,-77
-77,-77
-77,-77
-77,-77
-77,-77
-77,-77
-77,-77
-77,-77
-77,-77
-77,-77
-77,-77
-77,-77
-77,-77
-13.6,-3
-8.7,2
-5.3,4.5
-0.9,9.5
1.4,12
2.9,17
5.5,19.5
7,19.5
8.5,19.5
10.6,22
9.5,22
7.3,22
1,19.5
-3.2,17
-8.3,9.5
-18.1,-0.5
-77,-77
-77,-77
-77,-77
-77,-77
-77,-77
-77,-77
-77,-77
-77,-77
-77,-77
-77,-77
-77,-77
-77,-77
-77,-77
-77,-77
-77,-77
-77,-77
-77,-77
-77,-77
-77,-77
-77,-77
-77,-77
-77,-77
