# Rotation: 0.0
# Particles: 20000000
# Jaws: X1[mm],X2[mm],Y1[mm],Y2[mm]
-50,53,-43,43
# MLC: Y1[mm],Y2[mm]
-34.25,-34.25
-34.25,-34.25
-34.25,-34.25
-34.25,-34.25
-34.25,-34.25
-34.25,-34.25
-34.25,-34.25
-34.25,-34.25
-34.25,-34.25
-34.25,-34.25
-34.25,-34.25
-34.25,-34.25
-34.25,-34.25
-34.25,-34.25
-34.25,-34.25
-34.25,-34.25
-34.25,-34.25
-34.25,-34.25
-34.25,-34.25
-34.25,-34.25
-34.25,-34.25
-34.25,-34.25
3.15,15.75
-3.15,11.95
-5.75,8.25
-8.25,6.05
-10.75,2.85
-13.25,1.75
-15.75,1.65
-18.25,-2.45
-18.25,-5.85
-20.75,-6.25
-18.25,-5.55
-18.25,-2.75
-15.75,0.65
-10.65,4.85
-6.35,10.15
-0.95,1.25
-34.25,-34.25
-34.25,-34.25
-34.25,-34.25
-34.25,-34.25
-34.25,-34.25
-34.25,-34.25
-34.25,-34.25
-34.25,-34.25
-34.25,-34.25
-34.25,-34.25
-34.25,-34.25
-34.25,-34.25
-34.25,-34.25
-34.25,-34.25
-34.25,-34.25
-34.25,-34.25
-34.25,-34.25
-34.25,-34.25
-34.25,-34.25
-34.25,-34.25
-34.25,-34.25
-34.25,-34.25
