# Rotation: 0.0
# Particles: 20000000
# Jaws: X1[mm],X2[mm],Y1[mm],Y2[mm]
-60,48,-43,43
# MLC: Y1[mm],Y2[mm]
-77.2,-77.2
-77.2,-77.2
-77.2,-77.2
-77.2,-77.2
-77.2,-77.2
-77.2,-77.2
-77.2,-77.2
-77.2,-77.2
-77.2,-77.2
-77.2,-77.2
-77.2,-77.2
-77.2,-77.2
-77.2,-77.2
-77.2,-77.2
-77.2,-77.2
-77.2,-77.2
-77.2,-77.2
-77.2,-77.2
-77.2,-77.2
-77.2,-77.2
-77.2,-77.2
-77.2,-77.2
-7.9,6.8
-4.9,11.8
-1.9,16.8
1.4,19.3
-0.7,19.3
-1,21.8
-1.7,24.3
-4.8,26.8
-3.7,26.8
-7.4,24.3
-24.3,26.8
-26.8,26.3
-23.6,23.8
-23.2,23
-18.6,19.3
-15.3,11.4
-77.2,-77.2
-77.2,-77.2
-77.2,-77.2
-77.2,-77.2
-77.2,-77.2
-77.2,-77.2
-77.2,-77.2
-77.2,-77.2
-77.2,-77.2
-77.2,-77.2
-77.2,-77.2
-77.2,-77.2
-77.2,-77.2
-77.2,-77.2
-77.2,-77.2
-77.2,-77.2
-77.2,-77.2
-77.2,-77.2
-77.2,-77.2
-77.2,-77.2
-77.2,-77.2
-77.2,-77.2
