# PRIMO
# version: 0.3.1.1772
# Project ID: Kalibracja5
#
# Calculated curve
# x(cm)  y(cm)  z(cm)  Dose[eV/g]
#------------------------------------------------
   0.00E+000     0.00E+000    -5.00E-002    2.5656E-001
   0.00E+000     0.00E+000     5.00E-002    2.5656E-001
   0.00E+000     0.00E+000     1.50E-001    3.4352E-001
   0.00E+000     0.00E+000     2.50E-001    4.3048E-001
   0.00E+000     0.00E+000     3.50E-001    4.7361E-001
   0.00E+000     0.00E+000     4.50E-001    5.1673E-001
   0.00E+000     0.00E+000     5.50E-001    5.4203E-001
   0.00E+000     0.00E+000     6.50E-001    5.6733E-001
   0.00E+000     0.00E+000     7.50E-001    5.7876E-001
   0.00E+000     0.00E+000     8.50E-001    5.9018E-001
   0.00E+000     0.00E+000     9.50E-001    5.9860E-001
   0.00E+000     0.00E+000     1.05E+000    6.0701E-001
   0.00E+000     0.00E+000     1.15E+000    6.0981E-001
   0.00E+000     0.00E+000     1.25E+000    6.1260E-001
   0.00E+000     0.00E+000     1.35E+000    6.1246E-001
   0.00E+000     0.00E+000     1.45E+000    6.1231E-001
   0.00E+000     0.00E+000     1.55E+000    6.1071E-001
   0.00E+000     0.00E+000     1.65E+000    6.0911E-001
   0.00E+000     0.00E+000     1.75E+000    6.0674E-001
   0.00E+000     0.00E+000     1.85E+000    6.0437E-001
   0.00E+000     0.00E+000     1.95E+000    6.0327E-001
   0.00E+000     0.00E+000     2.05E+000    6.0217E-001
   0.00E+000     0.00E+000     2.15E+000    5.9856E-001
   0.00E+000     0.00E+000     2.25E+000    5.9495E-001
   0.00E+000     0.00E+000     2.35E+000    5.9123E-001
   0.00E+000     0.00E+000     2.45E+000    5.8750E-001
   0.00E+000     0.00E+000     2.55E+000    5.8635E-001
   0.00E+000     0.00E+000     2.65E+000    5.8520E-001
   0.00E+000     0.00E+000     2.75E+000    5.8190E-001
   0.00E+000     0.00E+000     2.85E+000    5.7861E-001
   0.00E+000     0.00E+000     2.95E+000    5.7654E-001
   0.00E+000     0.00E+000     3.05E+000    5.7447E-001
   0.00E+000     0.00E+000     3.15E+000    5.7088E-001
   0.00E+000     0.00E+000     3.25E+000    5.6730E-001
   0.00E+000     0.00E+000     3.35E+000    5.6257E-001
   0.00E+000     0.00E+000     3.45E+000    5.5783E-001
   0.00E+000     0.00E+000     3.55E+000    5.5583E-001
   0.00E+000     0.00E+000     3.65E+000    5.5382E-001
   0.00E+000     0.00E+000     3.75E+000    5.5036E-001
   0.00E+000     0.00E+000     3.85E+000    5.4690E-001
   0.00E+000     0.00E+000     3.95E+000    5.4418E-001
   0.00E+000     0.00E+000     4.05E+000    5.4146E-001
   0.00E+000     0.00E+000     4.15E+000    5.3772E-001
   0.00E+000     0.00E+000     4.25E+000    5.3397E-001
   0.00E+000     0.00E+000     4.35E+000    5.3179E-001
   0.00E+000     0.00E+000     4.45E+000    5.2961E-001
   0.00E+000     0.00E+000     4.55E+000    5.2740E-001
   0.00E+000     0.00E+000     4.65E+000    5.2519E-001
   0.00E+000     0.00E+000     4.75E+000    5.2235E-001
   0.00E+000     0.00E+000     4.85E+000    5.1951E-001
   0.00E+000     0.00E+000     4.95E+000    5.1612E-001
   0.00E+000     0.00E+000     5.05E+000    5.1273E-001
   0.00E+000     0.00E+000     5.15E+000    5.0922E-001
   0.00E+000     0.00E+000     5.25E+000    5.0571E-001
   0.00E+000     0.00E+000     5.35E+000    5.0326E-001
   0.00E+000     0.00E+000     5.45E+000    5.0081E-001
   0.00E+000     0.00E+000     5.55E+000    4.9804E-001
   0.00E+000     0.00E+000     5.65E+000    4.9527E-001
   0.00E+000     0.00E+000     5.75E+000    4.9162E-001
   0.00E+000     0.00E+000     5.85E+000    4.8797E-001
   0.00E+000     0.00E+000     5.95E+000    4.8527E-001
   0.00E+000     0.00E+000     6.05E+000    4.8256E-001
   0.00E+000     0.00E+000     6.15E+000    4.7832E-001
   0.00E+000     0.00E+000     6.25E+000    4.7409E-001
   0.00E+000     0.00E+000     6.35E+000    4.7347E-001
   0.00E+000     0.00E+000     6.45E+000    4.7285E-001
   0.00E+000     0.00E+000     6.55E+000    4.6954E-001
   0.00E+000     0.00E+000     6.65E+000    4.6623E-001
   0.00E+000     0.00E+000     6.75E+000    4.6334E-001
   0.00E+000     0.00E+000     6.85E+000    4.6045E-001
   0.00E+000     0.00E+000     6.95E+000    4.5782E-001
   0.00E+000     0.00E+000     7.05E+000    4.5518E-001
   0.00E+000     0.00E+000     7.15E+000    4.5237E-001
   0.00E+000     0.00E+000     7.25E+000    4.4957E-001
   0.00E+000     0.00E+000     7.35E+000    4.4724E-001
   0.00E+000     0.00E+000     7.45E+000    4.4492E-001
   0.00E+000     0.00E+000     7.55E+000    4.4282E-001
   0.00E+000     0.00E+000     7.65E+000    4.4073E-001
   0.00E+000     0.00E+000     7.75E+000    4.3696E-001
   0.00E+000     0.00E+000     7.85E+000    4.3319E-001
   0.00E+000     0.00E+000     7.95E+000    4.3232E-001
   0.00E+000     0.00E+000     8.05E+000    4.3145E-001
   0.00E+000     0.00E+000     8.15E+000    4.2901E-001
   0.00E+000     0.00E+000     8.25E+000    4.2657E-001
   0.00E+000     0.00E+000     8.35E+000    4.2297E-001
   0.00E+000     0.00E+000     8.45E+000    4.1937E-001
   0.00E+000     0.00E+000     8.55E+000    4.1650E-001
   0.00E+000     0.00E+000     8.65E+000    4.1364E-001
   0.00E+000     0.00E+000     8.75E+000    4.1165E-001
   0.00E+000     0.00E+000     8.85E+000    4.0967E-001
   0.00E+000     0.00E+000     8.95E+000    4.0703E-001
   0.00E+000     0.00E+000     9.05E+000    4.0439E-001
   0.00E+000     0.00E+000     9.15E+000    4.0136E-001
   0.00E+000     0.00E+000     9.25E+000    3.9834E-001
   0.00E+000     0.00E+000     9.35E+000    3.9527E-001
   0.00E+000     0.00E+000     9.45E+000    3.9221E-001
   0.00E+000     0.00E+000     9.55E+000    3.8951E-001
   0.00E+000     0.00E+000     9.65E+000    3.8682E-001
   0.00E+000     0.00E+000     9.75E+000    3.8578E-001
   0.00E+000     0.00E+000     9.85E+000    3.8475E-001
   0.00E+000     0.00E+000     9.95E+000    3.8164E-001
   0.00E+000     0.00E+000     1.00E+001    3.7853E-001
   0.00E+000     0.00E+000     1.01E+001    3.7700E-001
   0.00E+000     0.00E+000     1.02E+001    3.7547E-001
   0.00E+000     0.00E+000     1.03E+001    3.7115E-001
   0.00E+000     0.00E+000     1.04E+001    3.6682E-001
   0.00E+000     0.00E+000     1.05E+001    3.6508E-001
   0.00E+000     0.00E+000     1.06E+001    3.6333E-001
   0.00E+000     0.00E+000     1.07E+001    3.6171E-001
   0.00E+000     0.00E+000     1.08E+001    3.6010E-001
   0.00E+000     0.00E+000     1.09E+001    3.5743E-001
   0.00E+000     0.00E+000     1.10E+001    3.5475E-001
   0.00E+000     0.00E+000     1.11E+001    3.5341E-001
   0.00E+000     0.00E+000     1.12E+001    3.5207E-001
   0.00E+000     0.00E+000     1.13E+001    3.5060E-001
   0.00E+000     0.00E+000     1.14E+001    3.4914E-001
   0.00E+000     0.00E+000     1.15E+001    3.4674E-001
   0.00E+000     0.00E+000     1.16E+001    3.4435E-001
   0.00E+000     0.00E+000     1.17E+001    3.4214E-001
   0.00E+000     0.00E+000     1.18E+001    3.3994E-001
   0.00E+000     0.00E+000     1.19E+001    3.3794E-001
   0.00E+000     0.00E+000     1.20E+001    3.3593E-001
   0.00E+000     0.00E+000     1.21E+001    3.3375E-001
   0.00E+000     0.00E+000     1.22E+001    3.3157E-001
   0.00E+000     0.00E+000     1.23E+001    3.2915E-001
   0.00E+000     0.00E+000     1.24E+001    3.2673E-001
   0.00E+000     0.00E+000     1.25E+001    3.2583E-001
   0.00E+000     0.00E+000     1.26E+001    3.2492E-001
   0.00E+000     0.00E+000     1.27E+001    3.2206E-001
   0.00E+000     0.00E+000     1.28E+001    3.1920E-001
   0.00E+000     0.00E+000     1.29E+001    3.1636E-001
   0.00E+000     0.00E+000     1.30E+001    3.1351E-001
   0.00E+000     0.00E+000     1.31E+001    3.1221E-001
   0.00E+000     0.00E+000     1.32E+001    3.1091E-001
   0.00E+000     0.00E+000     1.33E+001    3.0823E-001
   0.00E+000     0.00E+000     1.34E+001    3.0555E-001
   0.00E+000     0.00E+000     1.35E+001    3.0371E-001
   0.00E+000     0.00E+000     1.36E+001    3.0187E-001
   0.00E+000     0.00E+000     1.37E+001    3.0084E-001
   0.00E+000     0.00E+000     1.38E+001    2.9981E-001
   0.00E+000     0.00E+000     1.39E+001    2.9783E-001
   0.00E+000     0.00E+000     1.40E+001    2.9585E-001
   0.00E+000     0.00E+000     1.41E+001    2.9423E-001
   0.00E+000     0.00E+000     1.42E+001    2.9262E-001
   0.00E+000     0.00E+000     1.43E+001    2.9073E-001
   0.00E+000     0.00E+000     1.44E+001    2.8885E-001
   0.00E+000     0.00E+000     1.45E+001    2.8688E-001
   0.00E+000     0.00E+000     1.46E+001    2.8492E-001
   0.00E+000     0.00E+000     1.47E+001    2.8353E-001
   0.00E+000     0.00E+000     1.48E+001    2.8214E-001
   0.00E+000     0.00E+000     1.49E+001    2.7986E-001
   0.00E+000     0.00E+000     1.50E+001    2.7758E-001
   0.00E+000     0.00E+000     1.51E+001    2.7594E-001
   0.00E+000     0.00E+000     1.52E+001    2.7431E-001
   0.00E+000     0.00E+000     1.53E+001    2.7329E-001
   0.00E+000     0.00E+000     1.54E+001    2.7227E-001
   0.00E+000     0.00E+000     1.55E+001    2.6988E-001
   0.00E+000     0.00E+000     1.56E+001    2.6749E-001
   0.00E+000     0.00E+000     1.57E+001    2.6625E-001
   0.00E+000     0.00E+000     1.58E+001    2.6500E-001
   0.00E+000     0.00E+000     1.59E+001    2.6308E-001
   0.00E+000     0.00E+000     1.60E+001    2.6116E-001
   0.00E+000     0.00E+000     1.61E+001    2.6040E-001
   0.00E+000     0.00E+000     1.62E+001    2.5965E-001
   0.00E+000     0.00E+000     1.63E+001    2.5726E-001
   0.00E+000     0.00E+000     1.64E+001    2.5488E-001
   0.00E+000     0.00E+000     1.65E+001    2.5400E-001
   0.00E+000     0.00E+000     1.66E+001    2.5312E-001
   0.00E+000     0.00E+000     1.67E+001    2.5119E-001
   0.00E+000     0.00E+000     1.68E+001    2.4925E-001
   0.00E+000     0.00E+000     1.69E+001    2.4803E-001
   0.00E+000     0.00E+000     1.70E+001    2.4682E-001
   0.00E+000     0.00E+000     1.71E+001    2.4538E-001
   0.00E+000     0.00E+000     1.72E+001    2.4394E-001
   0.00E+000     0.00E+000     1.73E+001    2.4266E-001
   0.00E+000     0.00E+000     1.74E+001    2.4138E-001
   0.00E+000     0.00E+000     1.75E+001    2.4001E-001
   0.00E+000     0.00E+000     1.76E+001    2.3864E-001
   0.00E+000     0.00E+000     1.77E+001    2.3646E-001
   0.00E+000     0.00E+000     1.78E+001    2.3427E-001
   0.00E+000     0.00E+000     1.79E+001    2.3297E-001
   0.00E+000     0.00E+000     1.80E+001    2.3167E-001
   0.00E+000     0.00E+000     1.81E+001    2.3033E-001
   0.00E+000     0.00E+000     1.82E+001    2.2898E-001
   0.00E+000     0.00E+000     1.83E+001    2.2775E-001
   0.00E+000     0.00E+000     1.84E+001    2.2651E-001
   0.00E+000     0.00E+000     1.85E+001    2.2500E-001
   0.00E+000     0.00E+000     1.86E+001    2.2350E-001
   0.00E+000     0.00E+000     1.87E+001    2.2197E-001
   0.00E+000     0.00E+000     1.88E+001    2.2043E-001
   0.00E+000     0.00E+000     1.89E+001    2.1883E-001
   0.00E+000     0.00E+000     1.90E+001    2.1723E-001
   0.00E+000     0.00E+000     1.91E+001    2.1610E-001
   0.00E+000     0.00E+000     1.92E+001    2.1496E-001
   0.00E+000     0.00E+000     1.93E+001    2.1412E-001
   0.00E+000     0.00E+000     1.94E+001    2.1328E-001
   0.00E+000     0.00E+000     1.95E+001    2.1214E-001
   0.00E+000     0.00E+000     1.96E+001    2.1101E-001
   0.00E+000     0.00E+000     1.97E+001    2.0963E-001
   0.00E+000     0.00E+000     1.98E+001    2.0826E-001
   0.00E+000     0.00E+000     1.99E+001    2.0636E-001
   0.00E+000     0.00E+000     2.00E+001    2.0447E-001
   0.00E+000     0.00E+000     2.01E+001    2.0347E-001
   0.00E+000     0.00E+000     2.02E+001    2.0247E-001
   0.00E+000     0.00E+000     2.03E+001    2.0101E-001
   0.00E+000     0.00E+000     2.04E+001    1.9955E-001
   0.00E+000     0.00E+000     2.05E+001    1.9815E-001
   0.00E+000     0.00E+000     2.06E+001    1.9674E-001
   0.00E+000     0.00E+000     2.07E+001    1.9521E-001
   0.00E+000     0.00E+000     2.08E+001    1.9368E-001
   0.00E+000     0.00E+000     2.09E+001    1.9316E-001
   0.00E+000     0.00E+000     2.10E+001    1.9265E-001
   0.00E+000     0.00E+000     2.11E+001    1.9142E-001
   0.00E+000     0.00E+000     2.12E+001    1.9020E-001
   0.00E+000     0.00E+000     2.13E+001    1.8884E-001
   0.00E+000     0.00E+000     2.14E+001    1.8748E-001
   0.00E+000     0.00E+000     2.15E+001    1.8697E-001
   0.00E+000     0.00E+000     2.16E+001    1.8646E-001
   0.00E+000     0.00E+000     2.17E+001    1.8517E-001
   0.00E+000     0.00E+000     2.18E+001    1.8387E-001
   0.00E+000     0.00E+000     2.19E+001    1.8323E-001
   0.00E+000     0.00E+000     2.20E+001    1.8260E-001
   0.00E+000     0.00E+000     2.21E+001    1.8124E-001
   0.00E+000     0.00E+000     2.22E+001    1.7988E-001
   0.00E+000     0.00E+000     2.23E+001    1.7863E-001
   0.00E+000     0.00E+000     2.24E+001    1.7738E-001
   0.00E+000     0.00E+000     2.25E+001    1.7676E-001
   0.00E+000     0.00E+000     2.26E+001    1.7613E-001
   0.00E+000     0.00E+000     2.27E+001    1.7443E-001
   0.00E+000     0.00E+000     2.28E+001    1.7273E-001
   0.00E+000     0.00E+000     2.29E+001    1.7267E-001
   0.00E+000     0.00E+000     2.30E+001    1.7260E-001
   0.00E+000     0.00E+000     2.31E+001    1.7126E-001
   0.00E+000     0.00E+000     2.32E+001    1.6992E-001
   0.00E+000     0.00E+000     2.33E+001    1.6783E-001
   0.00E+000     0.00E+000     2.34E+001    1.6573E-001
   0.00E+000     0.00E+000     2.35E+001    1.6517E-001
   0.00E+000     0.00E+000     2.36E+001    1.6461E-001
   0.00E+000     0.00E+000     2.37E+001    1.6385E-001
   0.00E+000     0.00E+000     2.38E+001    1.6309E-001
   0.00E+000     0.00E+000     2.39E+001    1.6194E-001
   0.00E+000     0.00E+000     2.40E+001    1.6078E-001
   0.00E+000     0.00E+000     2.41E+001    1.5974E-001
   0.00E+000     0.00E+000     2.42E+001    1.5871E-001
   0.00E+000     0.00E+000     2.43E+001    1.5811E-001
   0.00E+000     0.00E+000     2.44E+001    1.5752E-001
   0.00E+000     0.00E+000     2.45E+001    1.5652E-001
   0.00E+000     0.00E+000     2.46E+001    1.5553E-001
   0.00E+000     0.00E+000     2.47E+001    1.5385E-001
   0.00E+000     0.00E+000     2.48E+001    1.5217E-001
   0.00E+000     0.00E+000     2.49E+001    1.5146E-001
   0.00E+000     0.00E+000     2.50E+001    1.5076E-001
   0.00E+000     0.00E+000     2.51E+001    1.5012E-001
   0.00E+000     0.00E+000     2.52E+001    1.4949E-001
   0.00E+000     0.00E+000     2.53E+001    1.4954E-001
   0.00E+000     0.00E+000     2.54E+001    1.4960E-001
   0.00E+000     0.00E+000     2.55E+001    1.4818E-001
   0.00E+000     0.00E+000     2.56E+001    1.4676E-001
   0.00E+000     0.00E+000     2.57E+001    1.4640E-001
   0.00E+000     0.00E+000     2.58E+001    1.4604E-001
   0.00E+000     0.00E+000     2.59E+001    1.4492E-001
   0.00E+000     0.00E+000     2.60E+001    1.4379E-001
   0.00E+000     0.00E+000     2.61E+001    1.4273E-001
   0.00E+000     0.00E+000     2.62E+001    1.4167E-001
   0.00E+000     0.00E+000     2.63E+001    1.4083E-001
   0.00E+000     0.00E+000     2.64E+001    1.4000E-001
   0.00E+000     0.00E+000     2.65E+001    1.3993E-001
   0.00E+000     0.00E+000     2.66E+001    1.3986E-001
   0.00E+000     0.00E+000     2.67E+001    1.3852E-001
   0.00E+000     0.00E+000     2.68E+001    1.3718E-001
   0.00E+000     0.00E+000     2.69E+001    1.3665E-001
   0.00E+000     0.00E+000     2.70E+001    1.3612E-001
   0.00E+000     0.00E+000     2.71E+001    1.3535E-001
   0.00E+000     0.00E+000     2.72E+001    1.3458E-001
   0.00E+000     0.00E+000     2.73E+001    1.3337E-001
   0.00E+000     0.00E+000     2.74E+001    1.3215E-001
   0.00E+000     0.00E+000     2.75E+001    1.3046E-001
   0.00E+000     0.00E+000     2.76E+001    1.2876E-001
   0.00E+000     0.00E+000     2.77E+001    1.2907E-001
   0.00E+000     0.00E+000     2.78E+001    1.2938E-001
   0.00E+000     0.00E+000     2.79E+001    1.2893E-001
   0.00E+000     0.00E+000     2.80E+001    1.2848E-001
   0.00E+000     0.00E+000     2.81E+001    1.2675E-001
   0.00E+000     0.00E+000     2.82E+001    1.2501E-001
   0.00E+000     0.00E+000     2.83E+001    1.2454E-001
   0.00E+000     0.00E+000     2.84E+001    1.2406E-001
   0.00E+000     0.00E+000     2.85E+001    1.2332E-001
   0.00E+000     0.00E+000     2.86E+001    1.2259E-001
   0.00E+000     0.00E+000     2.87E+001    1.2167E-001
   0.00E+000     0.00E+000     2.88E+001    1.2075E-001
   0.00E+000     0.00E+000     2.89E+001    1.2035E-001
   0.00E+000     0.00E+000     2.90E+001    1.1995E-001
   0.00E+000     0.00E+000     2.91E+001    1.1932E-001
   0.00E+000     0.00E+000     2.92E+001    1.1868E-001
   0.00E+000     0.00E+000     2.93E+001    1.1796E-001
   0.00E+000     0.00E+000     2.94E+001    1.1723E-001
   0.00E+000     0.00E+000     2.95E+001    1.1700E-001
   0.00E+000     0.00E+000     2.96E+001    1.1678E-001
   0.00E+000     0.00E+000     2.97E+001    1.1620E-001
   0.00E+000     0.00E+000     2.98E+001    1.1562E-001
   0.00E+000     0.00E+000     2.99E+001    1.1512E-001
   0.00E+000     0.00E+000     3.00E+001    1.1461E-001
   0.00E+000     0.00E+000     3.01E+001    1.1294E-001
   0.00E+000     0.00E+000     3.02E+001    1.1127E-001
   0.00E+000     0.00E+000     3.03E+001    1.1112E-001
   0.00E+000     0.00E+000     3.04E+001    1.1098E-001
   0.00E+000     0.00E+000     3.05E+001    1.1046E-001
   0.00E+000     0.00E+000     3.06E+001    1.0995E-001
   0.00E+000     0.00E+000     3.07E+001    1.0915E-001
   0.00E+000     0.00E+000     3.08E+001    1.0836E-001
   0.00E+000     0.00E+000     3.09E+001    1.0780E-001
   0.00E+000     0.00E+000     3.10E+001    1.0724E-001
   0.00E+000     0.00E+000     3.11E+001    1.0681E-001
   0.00E+000     0.00E+000     3.12E+001    1.0639E-001
   0.00E+000     0.00E+000     3.13E+001    1.0562E-001
   0.00E+000     0.00E+000     3.14E+001    1.0485E-001
   0.00E+000     0.00E+000     3.15E+001    1.0433E-001
   0.00E+000     0.00E+000     3.16E+001    1.0381E-001
   0.00E+000     0.00E+000     3.17E+001    1.0282E-001
   0.00E+000     0.00E+000     3.18E+001    1.0183E-001
   0.00E+000     0.00E+000     3.19E+001    1.0136E-001
   0.00E+000     0.00E+000     3.20E+001    1.0090E-001
   0.00E+000     0.00E+000     3.21E+001    1.0031E-001
   0.00E+000     0.00E+000     3.22E+001    9.9723E-002
   0.00E+000     0.00E+000     3.23E+001    9.9212E-002
   0.00E+000     0.00E+000     3.24E+001    9.8701E-002
   0.00E+000     0.00E+000     3.25E+001    9.8185E-002
   0.00E+000     0.00E+000     3.26E+001    9.7668E-002
   0.00E+000     0.00E+000     3.27E+001    9.6950E-002
   0.00E+000     0.00E+000     3.28E+001    9.6232E-002
   0.00E+000     0.00E+000     3.29E+001    9.5486E-002
   0.00E+000     0.00E+000     3.30E+001    9.4740E-002
   0.00E+000     0.00E+000     3.31E+001    9.4435E-002
   0.00E+000     0.00E+000     3.32E+001    9.4131E-002
   0.00E+000     0.00E+000     3.33E+001    9.3274E-002
   0.00E+000     0.00E+000     3.34E+001    9.2418E-002
   0.00E+000     0.00E+000     3.35E+001    9.2393E-002
   0.00E+000     0.00E+000     3.36E+001    9.2368E-002
   0.00E+000     0.00E+000     3.37E+001    9.1771E-002
   0.00E+000     0.00E+000     3.38E+001    9.1173E-002
   0.00E+000     0.00E+000     3.39E+001    9.0145E-002
   0.00E+000     0.00E+000     3.40E+001    8.9117E-002
   0.00E+000     0.00E+000     3.41E+001    8.9244E-002
   0.00E+000     0.00E+000     3.42E+001    8.9371E-002
   0.00E+000     0.00E+000     3.43E+001    8.8747E-002
   0.00E+000     0.00E+000     3.44E+001    8.8123E-002
   0.00E+000     0.00E+000     3.45E+001    8.7284E-002
   0.00E+000     0.00E+000     3.46E+001    8.6444E-002
   0.00E+000     0.00E+000     3.47E+001    8.5792E-002
   0.00E+000     0.00E+000     3.48E+001    8.5141E-002

