# Rotation: 0.0
# Particles: 20000000
# Jaws: X1[mm],X2[mm],Y1[mm],Y2[mm]
-48,53,-43,43
# MLC: Y1[mm],Y2[mm]
-20.9,-20.9
-20.9,-20.9
-20.9,-20.9
-20.9,-20.9
-20.9,-20.9
-20.9,-20.9
-20.9,-20.9
-20.9,-20.9
-20.9,-20.9
-20.9,-20.9
-20.9,-20.9
-20.9,-20.9
-20.9,-20.9
-20.9,-20.9
-20.9,-20.9
-20.9,-20.9
-20.9,-20.9
-20.9,-20.9
-20.9,-20.9
-20.9,-20.9
-20.9,-20.9
-20.9,-20.9
22.7,48.4
18.6,52.9
16.8,54.8
15.8,57.2
14,60.4
14.6,63
12.3,65.5
10.6,70.5
14.4,70.9
15.8,71.4
13.1,73.1
11.2,73.3
9.1,73.2
12.8,70.7
17.8,64.2
35.2,49.4
-20.9,-20.9
-20.9,-20.9
-20.9,-20.9
-20.9,-20.9
-20.9,-20.9
-20.9,-20.9
-20.9,-20.9
-20.9,-20.9
-20.9,-20.9
-20.9,-20.9
-20.9,-20.9
-20.9,-20.9
-20.9,-20.9
-20.9,-20.9
-20.9,-20.9
-20.9,-20.9
-20.9,-20.9
-20.9,-20.9
-20.9,-20.9
-20.9,-20.9
-20.9,-20.9
-20.9,-20.9
