# Rotation: 0.0
# Particles: 20000000
# Jaws: X1[mm],X2[mm],Y1[mm],Y2[mm]
-48,53,-43,43
# MLC: Y1[mm],Y2[mm]
-30.6,-30.6
-30.6,-30.6
-30.6,-30.6
-30.6,-30.6
-30.6,-30.6
-30.6,-30.6
-30.6,-30.6
-30.6,-30.6
-30.6,-30.6
-30.6,-30.6
-30.6,-30.6
-30.6,-30.6
-30.6,-30.6
-30.6,-30.6
-30.6,-30.6
-30.6,-30.6
-30.6,-30.6
-30.6,-30.6
-30.6,-30.6
-30.6,-30.6
-30.6,-30.6
-30.6,-30.6
22.6,41.4
29.4,46.4
31.5,48.9
31.4,51.4
22.1,53.9
41.3,56.4
41.6,58.9
44.4,63.9
44.4,63.9
44.6,63.9
42,66.4
44.2,66.4
24.9,66.4
22.2,63.9
21.6,58.9
30,43.9
-30.6,-30.6
-30.6,-30.6
-30.6,-30.6
-30.6,-30.6
-30.6,-30.6
-30.6,-30.6
-30.6,-30.6
-30.6,-30.6
-30.6,-30.6
-30.6,-30.6
-30.6,-30.6
-30.6,-30.6
-30.6,-30.6
-30.6,-30.6
-30.6,-30.6
-30.6,-30.6
-30.6,-30.6
-30.6,-30.6
-30.6,-30.6
-30.6,-30.6
-30.6,-30.6
-30.6,-30.6
