# Rotation: 0.0
# Particles: 20000000
# Jaws: X1[mm],X2[mm],Y1[mm],Y2[mm]
-48,58,-43,43
# MLC: Y1[mm],Y2[mm]
-22,-22
-22,-22
-22,-22
-22,-22
-22,-22
-22,-22
-22,-22
-22,-22
-22,-22
-22,-22
-22,-22
-22,-22
-22,-22
-22,-22
-22,-22
-22,-22
-22,-22
-22,-22
-22,-22
-22,-22
-22,-22
-22,-22
12.9,33.4
7.5,44
4.4,46.9
1.6,48.3
-0.5,46.9
-0.6,47.4
-1.3,53.6
-3.5,54
-4.1,56.5
-5.5,47.2
-4.4,48.4
-3,46.1
-1.4,48.6
0,54.6
5,51.6
15.8,36.2
-22,-22
-22,-22
-22,-22
-22,-22
-22,-22
-22,-22
-22,-22
-22,-22
-22,-22
-22,-22
-22,-22
-22,-22
-22,-22
-22,-22
-22,-22
-22,-22
-22,-22
-22,-22
-22,-22
-22,-22
-22,-22
-22,-22
