# Rotation: 0.0
# Particles: 20000000
# Jaws: X1[mm],X2[mm],Y1[mm],Y2[mm]
-48,53,-43,43
# MLC: Y1[mm],Y2[mm]
-18.4,-18.4
-18.4,-18.4
-18.4,-18.4
-18.4,-18.4
-18.4,-18.4
-18.4,-18.4
-18.4,-18.4
-18.4,-18.4
-18.4,-18.4
-18.4,-18.4
-18.4,-18.4
-18.4,-18.4
-18.4,-18.4
-18.4,-18.4
-18.4,-18.4
-18.4,-18.4
-18.4,-18.4
-18.4,-18.4
-18.4,-18.4
-18.4,-18.4
-18.4,-18.4
-18.4,-18.4
22.9,49.5
17.9,53.7
15.4,55.6
13.1,57.9
11.1,61.2
9.8,63.9
7.1,66.4
5.4,71.4
5.4,72.2
5.7,72.9
6.9,74.2
6.5,74.6
8.9,74.3
13.9,71.8
18.9,64.3
36.2,49.9
-18.4,-18.4
-18.4,-18.4
-18.4,-18.4
-18.4,-18.4
-18.4,-18.4
-18.4,-18.4
-18.4,-18.4
-18.4,-18.4
-18.4,-18.4
-18.4,-18.4
-18.4,-18.4
-18.4,-18.4
-18.4,-18.4
-18.4,-18.4
-18.4,-18.4
-18.4,-18.4
-18.4,-18.4
-18.4,-18.4
-18.4,-18.4
-18.4,-18.4
-18.4,-18.4
-18.4,-18.4
