# Rotation: 0.0
# Particles: 20000000
# Jaws: X1[mm],X2[mm],Y1[mm],Y2[mm]
-50,48,-43,43
# MLC: Y1[mm],Y2[mm]
-33.4,-33.4
-33.4,-33.4
-33.4,-33.4
-33.4,-33.4
-33.4,-33.4
-33.4,-33.4
-33.4,-33.4
-33.4,-33.4
-33.4,-33.4
-33.4,-33.4
-33.4,-33.4
-33.4,-33.4
-33.4,-33.4
-33.4,-33.4
-33.4,-33.4
-33.4,-33.4
-33.4,-33.4
-33.4,-33.4
-33.4,-33.4
-33.4,-33.4
-33.4,-33.4
-33.4,-33.4
24.1,40.9
19.3,46.2
19,49.3
23.9,52
27.9,53.1
25.6,54.3
24.2,55
24.2,56.8
24.8,59
36.3,59.6
37,56.4
34,53.8
29,52.4
28,47.2
16.4,44.2
18,35.9
-33.4,-33.4
-33.4,-33.4
-33.4,-33.4
-33.4,-33.4
-33.4,-33.4
-33.4,-33.4
-33.4,-33.4
-33.4,-33.4
-33.4,-33.4
-33.4,-33.4
-33.4,-33.4
-33.4,-33.4
-33.4,-33.4
-33.4,-33.4
-33.4,-33.4
-33.4,-33.4
-33.4,-33.4
-33.4,-33.4
-33.4,-33.4
-33.4,-33.4
-33.4,-33.4
-33.4,-33.4
