# Rotation: 0.0
# Particles: 20000000
# Jaws: X1[mm],X2[mm],Y1[mm],Y2[mm]
-50,53,-43,43
# MLC: Y1[mm],Y2[mm]
-25.2,-25.2
-25.2,-25.2
-25.2,-25.2
-25.2,-25.2
-25.2,-25.2
-25.2,-25.2
-25.2,-25.2
-25.2,-25.2
-25.2,-25.2
-25.2,-25.2
-25.2,-25.2
-25.2,-25.2
-25.2,-25.2
-25.2,-25.2
-25.2,-25.2
-25.2,-25.2
-25.2,-25.2
-25.2,-25.2
-25.2,-25.2
-25.2,-25.2
-25.2,-25.2
-25.2,-25.2
30.8,44.3
31.9,50.6
32.2,53.6
36.9,58.8
35.5,61.3
31.8,65.8
34.1,68.2
24.8,68.9
11.2,69.2
13.5,70.8
13.7,70.8
17.3,70.1
20.6,65.7
19.4,60.4
22.9,52.4
23.3,43.6
-25.2,-25.2
-25.2,-25.2
-25.2,-25.2
-25.2,-25.2
-25.2,-25.2
-25.2,-25.2
-25.2,-25.2
-25.2,-25.2
-25.2,-25.2
-25.2,-25.2
-25.2,-25.2
-25.2,-25.2
-25.2,-25.2
-25.2,-25.2
-25.2,-25.2
-25.2,-25.2
-25.2,-25.2
-25.2,-25.2
-25.2,-25.2
-25.2,-25.2
-25.2,-25.2
-25.2,-25.2
