# Rotation: 0.0
# Particles: 20000000
# Jaws: X1[mm],X2[mm],Y1[mm],Y2[mm]
-50,53,-43,43
# MLC: Y1[mm],Y2[mm]
-18.2,-18.2
-18.2,-18.2
-18.2,-18.2
-18.2,-18.2
-18.2,-18.2
-18.2,-18.2
-18.2,-18.2
-18.2,-18.2
-18.2,-18.2
-18.2,-18.2
-18.2,-18.2
-18.2,-18.2
-18.2,-18.2
-18.2,-18.2
-18.2,-18.2
-18.2,-18.2
-18.2,-18.2
-18.2,-18.2
-18.2,-18.2
-18.2,-18.2
-18.2,-18.2
-18.2,-18.2
36.5,50.1
35,56.8
32.7,59.9
35,65.2
21.4,67.6
22,72
24.2,74.3
10.8,75.3
3.6,75.7
3.5,77
3.8,77.1
10.2,76.1
17.9,71.3
18.7,65.4
25.6,57.7
29,48.6
-18.2,-18.2
-18.2,-18.2
-18.2,-18.2
-18.2,-18.2
-18.2,-18.2
-18.2,-18.2
-18.2,-18.2
-18.2,-18.2
-18.2,-18.2
-18.2,-18.2
-18.2,-18.2
-18.2,-18.2
-18.2,-18.2
-18.2,-18.2
-18.2,-18.2
-18.2,-18.2
-18.2,-18.2
-18.2,-18.2
-18.2,-18.2
-18.2,-18.2
-18.2,-18.2
-18.2,-18.2
