# Rotation: 0.0
# Particles: 20000000
# Jaws: X1[mm],X2[mm],Y1[mm],Y2[mm]
-60,48,-43,43
# MLC: Y1[mm],Y2[mm]
-35,-35
-35,-35
-35,-35
-35,-35
-35,-35
-35,-35
-35,-35
-35,-35
-35,-35
-35,-35
-35,-35
-35,-35
-35,-35
-35,-35
-35,-35
-35,-35
-35,-35
-35,-35
-35,-35
-35,-35
-35,-35
-35,-35
12,32.4
9.3,36
6.8,37.5
3.1,39.8
-2.4,36.9
-4.6,34.9
-7.9,35
-9.4,33.7
-11.3,33.6
-16,32.6
-19.3,18.2
-20.2,23.6
-19.6,24.8
-17.3,25.5
-11.6,28.8
1.3,25.7
-35,-35
-35,-35
-35,-35
-35,-35
-35,-35
-35,-35
-35,-35
-35,-35
-35,-35
-35,-35
-35,-35
-35,-35
-35,-35
-35,-35
-35,-35
-35,-35
-35,-35
-35,-35
-35,-35
-35,-35
-35,-35
-35,-35
