# Rotation: 0.0
# Particles: 20000000
# Jaws: X1[mm],X2[mm],Y1[mm],Y2[mm]
-48,53,-43,43
# MLC: Y1[mm],Y2[mm]
-18.1,-18.1
-18.1,-18.1
-18.1,-18.1
-18.1,-18.1
-18.1,-18.1
-18.1,-18.1
-18.1,-18.1
-18.1,-18.1
-18.1,-18.1
-18.1,-18.1
-18.1,-18.1
-18.1,-18.1
-18.1,-18.1
-18.1,-18.1
-18.1,-18.1
-18.1,-18.1
-18.1,-18.1
-18.1,-18.1
-18.1,-18.1
-18.1,-18.1
-18.1,-18.1
-18.1,-18.1
22.4,49.1
17.3,53.2
14.7,55.2
12.3,57.4
10.1,60.8
9.1,63.5
6.5,66
4.7,71
4.5,71.8
4.8,72.7
5.7,73.8
5.4,74.3
8.6,73.9
13.7,71.4
18.6,63.4
33.7,49.3
-18.1,-18.1
-18.1,-18.1
-18.1,-18.1
-18.1,-18.1
-18.1,-18.1
-18.1,-18.1
-18.1,-18.1
-18.1,-18.1
-18.1,-18.1
-18.1,-18.1
-18.1,-18.1
-18.1,-18.1
-18.1,-18.1
-18.1,-18.1
-18.1,-18.1
-18.1,-18.1
-18.1,-18.1
-18.1,-18.1
-18.1,-18.1
-18.1,-18.1
-18.1,-18.1
-18.1,-18.1
