# Rotation: 0.0
# Particles: 20000000
# Jaws: X1[mm],X2[mm],Y1[mm],Y2[mm]
-50,53,-43,43
# MLC: Y1[mm],Y2[mm]
-18.2,-18.2
-18.2,-18.2
-18.2,-18.2
-18.2,-18.2
-18.2,-18.2
-18.2,-18.2
-18.2,-18.2
-18.2,-18.2
-18.2,-18.2
-18.2,-18.2
-18.2,-18.2
-18.2,-18.2
-18.2,-18.2
-18.2,-18.2
-18.2,-18.2
-18.2,-18.2
-18.2,-18.2
-18.2,-18.2
-18.2,-18.2
-18.2,-18.2
-18.2,-18.2
-18.2,-18.2
33.5,47.1
25.9,54.7
18.6,58.2
15.5,63.7
10.5,66
9.9,70.2
8,72.4
4.8,73.9
2.6,74.4
1.9,75.2
2.7,75.5
4.9,73.9
8,67
13.2,61.1
18.9,54.1
26.4,43.4
-18.2,-18.2
-18.2,-18.2
-18.2,-18.2
-18.2,-18.2
-18.2,-18.2
-18.2,-18.2
-18.2,-18.2
-18.2,-18.2
-18.2,-18.2
-18.2,-18.2
-18.2,-18.2
-18.2,-18.2
-18.2,-18.2
-18.2,-18.2
-18.2,-18.2
-18.2,-18.2
-18.2,-18.2
-18.2,-18.2
-18.2,-18.2
-18.2,-18.2
-18.2,-18.2
-18.2,-18.2
