# Rotation: 0.0
# Particles: 20000000
# Jaws: X1[mm],X2[mm],Y1[mm],Y2[mm]
-48,58,-43,43
# MLC: Y1[mm],Y2[mm]
-32,-32
-32,-32
-32,-32
-32,-32
-32,-32
-32,-32
-32,-32
-32,-32
-32,-32
-32,-32
-32,-32
-32,-32
-32,-32
-32,-32
-32,-32
-32,-32
-32,-32
-32,-32
-32,-32
-32,-32
-32,-32
-32,-32
0.6,19.4
-5.1,22.2
-7.9,21.2
-10.5,16.8
-12.9,12.8
-12.9,13.2
-13,10.6
-15.5,6.4
-15.5,5.2
-17.9,0.5
-16.4,2.3
-14.2,5.1
-13.3,8.4
-12.7,14.5
-8,23.5
0.7,24.1
-32,-32
-32,-32
-32,-32
-32,-32
-32,-32
-32,-32
-32,-32
-32,-32
-32,-32
-32,-32
-32,-32
-32,-32
-32,-32
-32,-32
-32,-32
-32,-32
-32,-32
-32,-32
-32,-32
-32,-32
-32,-32
-32,-32
