# Rotation: 0.0
# Particles: 20000000
# Jaws: X1[mm],X2[mm],Y1[mm],Y2[mm]
-50,53,-43,43
# MLC: Y1[mm],Y2[mm]
-36.1,-36.1
-36.1,-36.1
-36.1,-36.1
-36.1,-36.1
-36.1,-36.1
-36.1,-36.1
-36.1,-36.1
-36.1,-36.1
-36.1,-36.1
-36.1,-36.1
-36.1,-36.1
-36.1,-36.1
-36.1,-36.1
-36.1,-36.1
-36.1,-36.1
-36.1,-36.1
-36.1,-36.1
-36.1,-36.1
-36.1,-36.1
-36.1,-36.1
-36.1,-36.1
-36.1,-36.1
3.6,16.9
-2.6,15.4
-5.6,12.4
-8.3,11.2
-12.2,6.3
-13.5,5.7
-15.7,6.9
-18.5,2.2
-20,-1.6
-20.9,-2.1
-19.9,-1.1
-18.5,1.9
-15.7,5
-10.2,7.3
-6,12.3
-0.8,4.7
-36.1,-36.1
-36.1,-36.1
-36.1,-36.1
-36.1,-36.1
-36.1,-36.1
-36.1,-36.1
-36.1,-36.1
-36.1,-36.1
-36.1,-36.1
-36.1,-36.1
-36.1,-36.1
-36.1,-36.1
-36.1,-36.1
-36.1,-36.1
-36.1,-36.1
-36.1,-36.1
-36.1,-36.1
-36.1,-36.1
-36.1,-36.1
-36.1,-36.1
-36.1,-36.1
-36.1,-36.1
