# Rotation: 0.0
# Particles: 20000000
# Jaws: X1[mm],X2[mm],Y1[mm],Y2[mm]
-48,58,-43,43
# MLC: Y1[mm],Y2[mm]
-15.75,-15.75
-15.75,-15.75
-15.75,-15.75
-15.75,-15.75
-15.75,-15.75
-15.75,-15.75
-15.75,-15.75
-15.75,-15.75
-15.75,-15.75
-15.75,-15.75
-15.75,-15.75
-15.75,-15.75
-15.75,-15.75
-15.75,-15.75
-15.75,-15.75
-15.75,-15.75
-15.75,-15.75
-15.75,-15.75
-15.75,-15.75
-15.75,-15.75
-15.75,-15.75
-15.75,-15.75
31.35,51.85
24.05,55.25
18.05,57.95
14.85,58.95
12.05,60.55
12.85,62.65
10.35,66.25
8.65,68.15
6.55,70.75
5.95,74.65
6.05,78.75
6.35,79.55
9.25,80.45
13.85,79.85
31.45,74.75
40.35,55.95
-15.75,-15.75
-15.75,-15.75
-15.75,-15.75
-15.75,-15.75
-15.75,-15.75
-15.75,-15.75
-15.75,-15.75
-15.75,-15.75
-15.75,-15.75
-15.75,-15.75
-15.75,-15.75
-15.75,-15.75
-15.75,-15.75
-15.75,-15.75
-15.75,-15.75
-15.75,-15.75
-15.75,-15.75
-15.75,-15.75
-15.75,-15.75
-15.75,-15.75
-15.75,-15.75
-15.75,-15.75
