# Rotation: 0.0
# Particles: 20000000
# Jaws: X1[mm],X2[mm],Y1[mm],Y2[mm]
-48,58,-43,43
# MLC: Y1[mm],Y2[mm]
-30.4,-30.4
-30.4,-30.4
-30.4,-30.4
-30.4,-30.4
-30.4,-30.4
-30.4,-30.4
-30.4,-30.4
-30.4,-30.4
-30.4,-30.4
-30.4,-30.4
-30.4,-30.4
-30.4,-30.4
-30.4,-30.4
-30.4,-30.4
-30.4,-30.4
-30.4,-30.4
-30.4,-30.4
-30.4,-30.4
-30.4,-30.4
-30.4,-30.4
-30.4,-30.4
-30.4,-30.4
24.8,41.6
29.1,44.1
32.8,46.6
31.8,48.5
30.5,50.8
33,52.9
36.1,56.2
36.6,57.7
39.6,61.4
38.1,66.6
40.8,69.5
41.4,69.7
40.7,70
40,69.1
40.9,64.1
29.5,46.6
-30.4,-30.4
-30.4,-30.4
-30.4,-30.4
-30.4,-30.4
-30.4,-30.4
-30.4,-30.4
-30.4,-30.4
-30.4,-30.4
-30.4,-30.4
-30.4,-30.4
-30.4,-30.4
-30.4,-30.4
-30.4,-30.4
-30.4,-30.4
-30.4,-30.4
-30.4,-30.4
-30.4,-30.4
-30.4,-30.4
-30.4,-30.4
-30.4,-30.4
-30.4,-30.4
-30.4,-30.4
