# Rotation: 0.0
# Particles: 20000000
# Jaws: X1[mm],X2[mm],Y1[mm],Y2[mm]
-60,48,-43,43
# MLC: Y1[mm],Y2[mm]
-24.4,-24.4
-24.4,-24.4
-24.4,-24.4
-24.4,-24.4
-24.4,-24.4
-24.4,-24.4
-24.4,-24.4
-24.4,-24.4
-24.4,-24.4
-24.4,-24.4
-24.4,-24.4
-24.4,-24.4
-24.4,-24.4
-24.4,-24.4
-24.4,-24.4
-24.4,-24.4
-24.4,-24.4
-24.4,-24.4
-24.4,-24.4
-24.4,-24.4
-24.4,-24.4
-24.4,-24.4
40.6,57
38.3,62.3
39.3,67
39.1,69.5
35.9,70
34.3,71.8
32.2,74.6
29.4,76.7
29.7,76.6
26.9,74.8
14.4,75.4
-4.5,74.7
4.6,72.9
0.1,71.4
25,67.6
34.4,58.7
-24.4,-24.4
-24.4,-24.4
-24.4,-24.4
-24.4,-24.4
-24.4,-24.4
-24.4,-24.4
-24.4,-24.4
-24.4,-24.4
-24.4,-24.4
-24.4,-24.4
-24.4,-24.4
-24.4,-24.4
-24.4,-24.4
-24.4,-24.4
-24.4,-24.4
-24.4,-24.4
-24.4,-24.4
-24.4,-24.4
-24.4,-24.4
-24.4,-24.4
-24.4,-24.4
-24.4,-24.4
