# Rotation: 0.0
# Particles: 20000000
# Jaws: X1[mm],X2[mm],Y1[mm],Y2[mm]
-48,58,-43,43
# MLC: Y1[mm],Y2[mm]
-30.85,-30.85
-30.85,-30.85
-30.85,-30.85
-30.85,-30.85
-30.85,-30.85
-30.85,-30.85
-30.85,-30.85
-30.85,-30.85
-30.85,-30.85
-30.85,-30.85
-30.85,-30.85
-30.85,-30.85
-30.85,-30.85
-30.85,-30.85
-30.85,-30.85
-30.85,-30.85
-30.85,-30.85
-30.85,-30.85
-30.85,-30.85
-30.85,-30.85
-30.85,-30.85
-30.85,-30.85
26.85,41.15
34.65,43.65
37.65,46.15
37.95,48.65
36.85,51.15
39.55,53.65
43.05,56.15
44.25,58.65
56.85,63.65
46.25,68.65
49.75,71.15
50.25,71.15
52.95,71.15
51.55,68.65
47.65,63.65
30.35,46.15
-30.85,-30.85
-30.85,-30.85
-30.85,-30.85
-30.85,-30.85
-30.85,-30.85
-30.85,-30.85
-30.85,-30.85
-30.85,-30.85
-30.85,-30.85
-30.85,-30.85
-30.85,-30.85
-30.85,-30.85
-30.85,-30.85
-30.85,-30.85
-30.85,-30.85
-30.85,-30.85
-30.85,-30.85
-30.85,-30.85
-30.85,-30.85
-30.85,-30.85
-30.85,-30.85
-30.85,-30.85
