# Rotation: 0.0
# Particles: 20000000
# Jaws: X1[mm],X2[mm],Y1[mm],Y2[mm]
-48,58,-43,43
# MLC: Y1[mm],Y2[mm]
-32.7,-32.7
-32.7,-32.7
-32.7,-32.7
-32.7,-32.7
-32.7,-32.7
-32.7,-32.7
-32.7,-32.7
-32.7,-32.7
-32.7,-32.7
-32.7,-32.7
-32.7,-32.7
-32.7,-32.7
-32.7,-32.7
-32.7,-32.7
-32.7,-32.7
-32.7,-32.7
-32.7,-32.7
-32.7,-32.7
-32.7,-32.7
-32.7,-32.7
-32.7,-32.7
-32.7,-32.7
-1.2,15.8
-6.2,10.8
-8.7,5.7
-11.2,2.5
-13.7,-0.5
-13.7,0
-13.7,-0.4
-16.2,-3.4
-16.2,-5.1
-18.7,-6.7
-18.7,-5.6
-18.4,-3.3
-16.2,-0.2
-16.1,1.5
-11.2,15
-3.6,21.9
-32.7,-32.7
-32.7,-32.7
-32.7,-32.7
-32.7,-32.7
-32.7,-32.7
-32.7,-32.7
-32.7,-32.7
-32.7,-32.7
-32.7,-32.7
-32.7,-32.7
-32.7,-32.7
-32.7,-32.7
-32.7,-32.7
-32.7,-32.7
-32.7,-32.7
-32.7,-32.7
-32.7,-32.7
-32.7,-32.7
-32.7,-32.7
-32.7,-32.7
-32.7,-32.7
-32.7,-32.7
