# Rotation: 0.0
# Particles: 20000000
# Jaws: X1[mm],X2[mm],Y1[mm],Y2[mm]
-50,53,-43,43
# MLC: Y1[mm],Y2[mm]
-26.05,-26.05
-26.05,-26.05
-26.05,-26.05
-26.05,-26.05
-26.05,-26.05
-26.05,-26.05
-26.05,-26.05
-26.05,-26.05
-26.05,-26.05
-26.05,-26.05
-26.05,-26.05
-26.05,-26.05
-26.05,-26.05
-26.05,-26.05
-26.05,-26.05
-26.05,-26.05
-26.05,-26.05
-26.05,-26.05
-26.05,-26.05
-26.05,-26.05
-26.05,-26.05
-26.05,-26.05
16.95,30.85
9.85,35.35
6.25,39.15
3.55,48.55
-0.05,45.55
-1.75,38.85
-3.85,36.95
-6.75,29.35
-7.85,23.45
-9.35,23.35
-7.65,22.15
-6.75,22.55
-3.95,23.55
1.75,23.95
6.75,28.95
12.25,21.75
-26.05,-26.05
-26.05,-26.05
-26.05,-26.05
-26.05,-26.05
-26.05,-26.05
-26.05,-26.05
-26.05,-26.05
-26.05,-26.05
-26.05,-26.05
-26.05,-26.05
-26.05,-26.05
-26.05,-26.05
-26.05,-26.05
-26.05,-26.05
-26.05,-26.05
-26.05,-26.05
-26.05,-26.05
-26.05,-26.05
-26.05,-26.05
-26.05,-26.05
-26.05,-26.05
-26.05,-26.05
