# Rotation: 0.0
# Particles: 20000000
# Jaws: X1[mm],X2[mm],Y1[mm],Y2[mm]
-60,48,-43,43
# MLC: Y1[mm],Y2[mm]
-26.75,-26.75
-26.75,-26.75
-26.75,-26.75
-26.75,-26.75
-26.75,-26.75
-26.75,-26.75
-26.75,-26.75
-26.75,-26.75
-26.75,-26.75
-26.75,-26.75
-26.75,-26.75
-26.75,-26.75
-26.75,-26.75
-26.75,-26.75
-26.75,-26.75
-26.75,-26.75
-26.75,-26.75
-26.75,-26.75
-26.75,-26.75
-26.75,-26.75
-26.75,-26.75
-26.75,-26.75
38.35,54.95
36.55,60.15
37.55,64.85
37.55,67.35
34.25,67.75
32.75,69.65
30.35,72.45
27.75,74.55
28.05,74.35
25.25,72.55
14.65,73.25
-1.95,72.65
5.75,70.85
-1.95,69.35
22.95,65.55
32.15,56.65
-26.75,-26.75
-26.75,-26.75
-26.75,-26.75
-26.75,-26.75
-26.75,-26.75
-26.75,-26.75
-26.75,-26.75
-26.75,-26.75
-26.75,-26.75
-26.75,-26.75
-26.75,-26.75
-26.75,-26.75
-26.75,-26.75
-26.75,-26.75
-26.75,-26.75
-26.75,-26.75
-26.75,-26.75
-26.75,-26.75
-26.75,-26.75
-26.75,-26.75
-26.75,-26.75
-26.75,-26.75
